v2.0 raw
8A0A0000 0B100000 880C0000 09340000 00000000 00000000 00000000 00000000 00000000 00000000 00000000 00000000 00000000 00000000 00000000 00000000
8A0A0000 0B100000 880C0000 09340000 8C080000 0D100000 8C0C0000 0D340000 00000000 00000000 00000000 00000000 00000000 00000000 00000000 00000000
8A0A0000 0B100000 880C0000 09340000 940000A0 540000B0 15000050 00000000 00000000 00000000 00000000 00000000 00000000 00000000 00000000 00000000
8A0A0000 0B100000 880C0000 09340000 980000A0 580000B0 19000050 00000000 00000000 00000000 00000000 00000000 00000000 00000000 00000000 00000000
8A0A0000 0B100000 880C0000 09340000 940000A0 540000B0 15000050 942000A4 542000B4 15200054 00000000 00000000 00000000 00000000 00000000 00000000
8A0A0000 0B100000 880C0000 09340000 980000A0 580000B0 19000050 982000A4 582000B4 19200054 00000000 00000000 00000000 00000000 00000000 00000000
8A0A0000 0B100000 880C0000 09340000 A80000A0 29000050 00000000 00000000 00000000 00000000 00000000 00000000 00000000 00000000 00000000 00000000
8A0A0000 0B100000 880C0000 09340000 A00000A0 21000050 00000000 00000000 00000000 00000000 00000000 00000000 00000000 00000000 00000000 00000000
8A0A0000 0B100000 880C0000 09340000 A40000A0 25000050 00000000 00000000 00000000 00000000 00000000 00000000 00000000 00000000 00000000 00000000
8A0A0000 0B100000 880C0000 09340000 A80000A0 29000050 A82000A4 29200054 00000000 00000000 00000000 00000000 00000000 00000000 00000000 00000000
8A0A0000 0B100000 880C0000 09340000 A02000A4 21200054 A00000A0 21000050 00000000 00000000 00000000 00000000 00000000 00000000 00000000 00000000
8A0A0000 0B100000 880C0000 09340000 A42000A4 25200054 A00000A0 21000050 00000000 00000000 00000000 00000000 00000000 00000000 00000000 00000000
8A0A0000 0B100000 880C0000 09340000 A80000A0 29000050 A82000A4 29200054 A84000A8 29400058 A86000AC 2960005C 00000000 00000000 00000000 00000000
8A0A0000 0B100000 880C0000 09340000 A06000AC 2160005C A04000A8 21400058 A02000A4 21200054 A00000A0 21000050 00000000 00000000 00000000 00000000
8A0A0000 0B100000 880C0000 09340000 A46000AC 2560005C A04000A8 21400058 A02000A4 21200054 A00000A0 21000050 00000000 00000000 00000000 00000000
8A0A0000 0B100000 880C0000 09340000 00000000 00000000 00000000 00000000 00000000 00000000 00000000 00000000 00000000 00000000 00000000 00000000
8A0A0000 0B100000 880C0000 09340000 00000000 00000000 00000000 00000000 00000000 00000000 00000000 00000000 00000000 00000000 00000000 00000000
8A0A0000 0B100000 880C0000 09340000 00000000 00000000 00000000 00000000 00000000 00000000 00000000 00000000 00000000 00000000 00000000 00000000
8A0A0000 0B100000 880C0000 09340000 00000000 00000000 00000000 00000000 00000000 00000000 00000000 00000000 00000000 00000000 00000000 00000000
8A0A0000 0B100000 880C0000 09340000 00000000 00000000 00000000 00000000 00000000 00000000 00000000 00000000 00000000 00000000 00000000 00000000
8A0A0000 0B100000 880C0000 09340000 00000000 00000000 00000000 00000000 00000000 00000000 00000000 00000000 00000000 00000000 00000000 00000000
8A0A0000 0B100000 880C0000 09340000 00000000 00000000 00000000 00000000 00000000 00000000 00000000 00000000 00000000 00000000 00000000 00000000
8A0A0000 0B100000 880C0000 09340000 00000000 00000000 00000000 00000000 00000000 00000000 00000000 00000000 00000000 00000000 00000000 00000000
8A0A0000 0B100000 880C0000 09340000 00000000 00000000 00000000 00000000 00000000 00000000 00000000 00000000 00000000 00000000 00000000 00000000
8A0A0000 0B100000 880C0000 09340000 00000000 00000000 00000000 00000000 00000000 00000000 00000000 00000000 00000000 00000000 00000000 00000000
8A0A0000 0B100000 880C0000 09340000 00000000 00000000 00000000 00000000 00000000 00000000 00000000 00000000 00000000 00000000 00000000 00000000
8A0A0000 0B100000 880C0000 09340000 00000000 00000000 00000000 00000000 00000000 00000000 00000000 00000000 00000000 00000000 00000000 00000000
8A0A0000 0B100000 880C0000 09340000 00000000 00000000 00000000 00000000 00000000 00000000 00000000 00000000 00000000 00000000 00000000 00000000
8A0A0000 0B100000 880C0000 09340000 00000000 00000000 00000000 00000000 00000000 00000000 00000000 00000000 00000000 00000000 00000000 00000000
8A0A0000 0B100000 880C0000 09340000 00000000 00000000 00000000 00000000 00000000 00000000 00000000 00000000 00000000 00000000 00000000 00000000
8A0A0000 0B100000 880C0000 09340000 00000000 00000000 00000000 00000000 00000000 00000000 00000000 00000000 00000000 00000000 00000000 00000000
8A0A0000 0B100000 880C0000 09340000 00000000 00000000 00000000 00000000 00000000 00000000 00000000 00000000 00000000 00000000 00000000 00000000
8A0A0000 0B100000 880C0000 09340000 00000000 00000000 00000000 00000000 00000000 00000000 00000000 00000000 00000000 00000000 00000000 00000000
8A0A0000 0B100000 880C0000 09340000 00000000 00000000 00000000 00000000 00000000 00000000 00000000 00000000 00000000 00000000 00000000 00000000
8A0A0000 0B100000 880C0000 09340000 00000000 00000000 00000000 00000000 00000000 00000000 00000000 00000000 00000000 00000000 00000000 00000000
8A0A0000 0B100000 880C0000 09340000 00000000 00000000 00000000 00000000 00000000 00000000 00000000 00000000 00000000 00000000 00000000 00000000
8A0A0000 0B100000 880C0000 09340000 00000000 00000000 00000000 00000000 00000000 00000000 00000000 00000000 00000000 00000000 00000000 00000000
8A0A0000 0B100000 880C0000 09340000 00000000 00000000 00000000 00000000 00000000 00000000 00000000 00000000 00000000 00000000 00000000 00000000
8A0A0000 0B100000 880C0000 09340000 00000000 00000000 00000000 00000000 00000000 00000000 00000000 00000000 00000000 00000000 00000000 00000000
8A0A0000 0B100000 880C0000 09340000 00000000 00000000 00000000 00000000 00000000 00000000 00000000 00000000 00000000 00000000 00000000 00000000
8A0A0000 0B100000 880C0000 09340000 00000000 00000000 00000000 00000000 00000000 00000000 00000000 00000000 00000000 00000000 00000000 00000000
8A0A0000 0B100000 880C0000 09340000 00000000 00000000 00000000 00000000 00000000 00000000 00000000 00000000 00000000 00000000 00000000 00000000
8A0A0000 0B100000 880C0000 09340000 00000000 00000000 00000000 00000000 00000000 00000000 00000000 00000000 00000000 00000000 00000000 00000000
8A0A0000 0B100000 880C0000 09340000 00000000 00000000 00000000 00000000 00000000 00000000 00000000 00000000 00000000 00000000 00000000 00000000
8A0A0000 0B100000 880C0000 09340000 00000000 00000000 00000000 00000000 00000000 00000000 00000000 00000000 00000000 00000000 00000000 00000000
00000000 00000000 00000000 00000000 00000000 00000000 00000000 00000000 00000000 00000000 00000000 00000000 00000000 00000000 00000000 00000000
00000000 00000000 00000000 00000000 00000000 00000000 00000000 00000000 00000000 00000000 00000000 00000000 00000000 00000000 00000000 00000000
00000000 00000000 00000000 00000000 00000000 00000000 00000000 00000000 00000000 00000000 00000000 00000000 00000000 00000000 00000000 00000000
00000000 00000000 00000000 00000000 00000000 00000000 00000000 00000000 00000000 00000000 00000000 00000000 00000000 00000000 00000000 00000000
00000000 00000000 00000000 00000000 00000000 00000000 00000000 00000000 00000000 00000000 00000000 00000000 00000000 00000000 00000000 00000000
00000000 00000000 00000000 00000000 00000000 00000000 00000000 00000000 00000000 00000000 00000000 00000000 00000000 00000000 00000000 00000000
00000000 00000000 00000000 00000000 00000000 00000000 00000000 00000000 00000000 00000000 00000000 00000000 00000000 00000000 00000000 00000000
00000000 00000000 00000000 00000000 00000000 00000000 00000000 00000000 00000000 00000000 00000000 00000000 00000000 00000000 00000000 00000000
00000000 00000000 00000000 00000000 00000000 00000000 00000000 00000000 00000000 00000000 00000000 00000000 00000000 00000000 00000000 00000000
00000000 00000000 00000000 00000000 00000000 00000000 00000000 00000000 00000000 00000000 00000000 00000000 00000000 00000000 00000000 00000000
00000000 00000000 00000000 00000000 00000000 00000000 00000000 00000000 00000000 00000000 00000000 00000000 00000000 00000000 00000000 00000000
00000000 00000000 00000000 00000000 00000000 00000000 00000000 00000000 00000000 00000000 00000000 00000000 00000000 00000000 00000000 00000000
00000000 00000000 00000000 00000000 00000000 00000000 00000000 00000000 00000000 00000000 00000000 00000000 00000000 00000000 00000000 00000000
00000000 00000000 00000000 00000000 00000000 00000000 00000000 00000000 00000000 00000000 00000000 00000000 00000000 00000000 00000000 00000000
00000000 00000000 00000000 00000000 00000000 00000000 00000000 00000000 00000000 00000000 00000000 00000000 00000000 00000000 00000000 00000000
00000000 00000000 00000000 00000000 00000000 00000000 00000000 00000000 00000000 00000000 00000000 00000000 00000000 00000000 00000000 00000000
00000000 00000000 00000000 00000000 00000000 00000000 00000000 00000000 00000000 00000000 00000000 00000000 00000000 00000000 00000000 00000000
00000000 00000000 00000000 00000000 00000000 00000000 00000000 00000000 00000000 00000000 00000000 00000000 00000000 00000000 00000000 00000000
00000000 00000000 00000000 00000000 00000000 00000000 00000000 00000000 00000000 00000000 00000000 00000000 00000000 00000000 00000000 00000000
8A0A0000 0B100000 8A0C0000 0B340000 00000000 00000000 00000000 00000000 00000000 00000000 00000000 00000000 00000000 00000000 00000000 00000000
8A0A0000 0B100000 8A0C0000 0B340000 8C080000 0D100000 8E0C0000 0F340000 00000000 00000000 00000000 00000000 00000000 00000000 00000000 00000000
8A0A0000 0B100000 8A0C0000 0B340000 940000A0 540000B0 15000050 00000000 00000000 00000000 00000000 00000000 00000000 00000000 00000000 00000000
8A0A0000 0B100000 8A0C0000 0B340000 980000A0 580000B0 19000050 00000000 00000000 00000000 00000000 00000000 00000000 00000000 00000000 00000000
8A0A0000 0B100000 8A0C0000 0B340000 940000A0 540000B0 15000050 942000A4 542000B4 15200054 00000000 00000000 00000000 00000000 00000000 00000000
8A0A0000 0B100000 8A0C0000 0B340000 980000A0 580000B0 19000050 982000A4 582000B4 19200054 00000000 00000000 00000000 00000000 00000000 00000000
8A0A0000 0B100000 8A0C0000 0B340000 A80000A0 29000050 00000000 00000000 00000000 00000000 00000000 00000000 00000000 00000000 00000000 00000000
8A0A0000 0B100000 8A0C0000 0B340000 A00000A0 21000050 00000000 00000000 00000000 00000000 00000000 00000000 00000000 00000000 00000000 00000000
8A0A0000 0B100000 8A0C0000 0B340000 A40000A0 25000050 00000000 00000000 00000000 00000000 00000000 00000000 00000000 00000000 00000000 00000000
8A0A0000 0B100000 8A0C0000 0B340000 A80000A0 29000050 AA2000A4 2B200054 00000000 00000000 00000000 00000000 00000000 00000000 00000000 00000000
8A0A0000 0B100000 8A0C0000 0B340000 A02000A4 21200054 A20000A0 23000050 00000000 00000000 00000000 00000000 00000000 00000000 00000000 00000000
8A0A0000 0B100000 8A0C0000 0B340000 A42000A4 25200054 A20000A0 23000050 00000000 00000000 00000000 00000000 00000000 00000000 00000000 00000000
8A0A0000 0B100000 8A0C0000 0B340000 A80000A0 29000050 AA2000A4 2B200054 AA4000A8 2B400058 AA6000AC 2B60005C 00000000 00000000 00000000 00000000
8A0A0000 0B100000 8A0C0000 0B340000 A06000AC 2160005C A24000A8 23400058 A22000A4 23200054 A20000A0 23000050 00000000 00000000 00000000 00000000
8A0A0000 0B100000 8A0C0000 0B340000 A46000AC 2560005C A24000A8 23400058 A22000A4 23200054 A20000A0 23000050 00000000 00000000 00000000 00000000
8A0A0000 0B100000 8A0C0000 0B340000 00000000 00000000 00000000 00000000 00000000 00000000 00000000 00000000 00000000 00000000 00000000 00000000
8A0A0000 0B100000 8A0C0000 0B340000 00000000 00000000 00000000 00000000 00000000 00000000 00000000 00000000 00000000 00000000 00000000 00000000
8A0A0000 0B100000 8A0C0000 0B340000 00000000 00000000 00000000 00000000 00000000 00000000 00000000 00000000 00000000 00000000 00000000 00000000
8A0A0000 0B100000 8A0C0000 0B340000 00000000 00000000 00000000 00000000 00000000 00000000 00000000 00000000 00000000 00000000 00000000 00000000
8A0A0000 0B100000 8A0C0000 0B340000 00000000 00000000 00000000 00000000 00000000 00000000 00000000 00000000 00000000 00000000 00000000 00000000
8A0A0000 0B100000 8A0C0000 0B340000 00000000 00000000 00000000 00000000 00000000 00000000 00000000 00000000 00000000 00000000 00000000 00000000
8A0A0000 0B100000 8A0C0000 0B340000 00000000 00000000 00000000 00000000 00000000 00000000 00000000 00000000 00000000 00000000 00000000 00000000
8A0A0000 0B100000 8A0C0000 0B340000 00000000 00000000 00000000 00000000 00000000 00000000 00000000 00000000 00000000 00000000 00000000 00000000
8A0A0000 0B100000 8A0C0000 0B340000 00000000 00000000 00000000 00000000 00000000 00000000 00000000 00000000 00000000 00000000 00000000 00000000
8A0A0000 0B100000 8A0C0000 0B340000 00000000 00000000 00000000 00000000 00000000 00000000 00000000 00000000 00000000 00000000 00000000 00000000
8A0A0000 0B100000 8A0C0000 0B340000 00000000 00000000 00000000 00000000 00000000 00000000 00000000 00000000 00000000 00000000 00000000 00000000
8A0A0000 0B100000 8A0C0000 0B340000 00000000 00000000 00000000 00000000 00000000 00000000 00000000 00000000 00000000 00000000 00000000 00000000
8A0A0000 0B100000 8A0C0000 0B340000 00000000 00000000 00000000 00000000 00000000 00000000 00000000 00000000 00000000 00000000 00000000 00000000
8A0A0000 0B100000 8A0C0000 0B340000 00000000 00000000 00000000 00000000 00000000 00000000 00000000 00000000 00000000 00000000 00000000 00000000
8A0A0000 0B100000 8A0C0000 0B340000 00000000 00000000 00000000 00000000 00000000 00000000 00000000 00000000 00000000 00000000 00000000 00000000
8A0A0000 0B100000 8A0C0000 0B340000 00000000 00000000 00000000 00000000 00000000 00000000 00000000 00000000 00000000 00000000 00000000 00000000
8A0A0000 0B100000 8A0C0000 0B340000 00000000 00000000 00000000 00000000 00000000 00000000 00000000 00000000 00000000 00000000 00000000 00000000
8A0A0000 0B100000 8A0C0000 0B340000 00000000 00000000 00000000 00000000 00000000 00000000 00000000 00000000 00000000 00000000 00000000 00000000
8A0A0000 0B100000 8A0C0000 0B340000 00000000 00000000 00000000 00000000 00000000 00000000 00000000 00000000 00000000 00000000 00000000 00000000
8A0A0000 0B100000 8A0C0000 0B340000 00000000 00000000 00000000 00000000 00000000 00000000 00000000 00000000 00000000 00000000 00000000 00000000
8A0A0000 0B100000 8A0C0000 0B340000 00000000 00000000 00000000 00000000 00000000 00000000 00000000 00000000 00000000 00000000 00000000 00000000
8A0A0000 0B100000 8A0C0000 0B340000 00000000 00000000 00000000 00000000 00000000 00000000 00000000 00000000 00000000 00000000 00000000 00000000
8A0A0000 0B100000 8A0C0000 0B340000 00000000 00000000 00000000 00000000 00000000 00000000 00000000 00000000 00000000 00000000 00000000 00000000
8A0A0000 0B100000 8A0C0000 0B340000 00000000 00000000 00000000 00000000 00000000 00000000 00000000 00000000 00000000 00000000 00000000 00000000
8A0A0000 0B100000 8A0C0000 0B340000 00000000 00000000 00000000 00000000 00000000 00000000 00000000 00000000 00000000 00000000 00000000 00000000
8A0A0000 0B100000 8A0C0000 0B340000 00000000 00000000 00000000 00000000 00000000 00000000 00000000 00000000 00000000 00000000 00000000 00000000
8A0A0000 0B100000 8A0C0000 0B340000 00000000 00000000 00000000 00000000 00000000 00000000 00000000 00000000 00000000 00000000 00000000 00000000
8A0A0000 0B100000 8A0C0000 0B340000 00000000 00000000 00000000 00000000 00000000 00000000 00000000 00000000 00000000 00000000 00000000 00000000
8A0A0000 0B100000 8A0C0000 0B340000 00000000 00000000 00000000 00000000 00000000 00000000 00000000 00000000 00000000 00000000 00000000 00000000
8A0A0000 0B100000 8A0C0000 0B340000 00000000 00000000 00000000 00000000 00000000 00000000 00000000 00000000 00000000 00000000 00000000 00000000
00000000 00000000 00000000 00000000 00000000 00000000 00000000 00000000 00000000 00000000 00000000 00000000 00000000 00000000 00000000 00000000
00000000 00000000 00000000 00000000 00000000 00000000 00000000 00000000 00000000 00000000 00000000 00000000 00000000 00000000 00000000 00000000
00000000 00000000 00000000 00000000 00000000 00000000 00000000 00000000 00000000 00000000 00000000 00000000 00000000 00000000 00000000 00000000
00000000 00000000 00000000 00000000 00000000 00000000 00000000 00000000 00000000 00000000 00000000 00000000 00000000 00000000 00000000 00000000
00000000 00000000 00000000 00000000 00000000 00000000 00000000 00000000 00000000 00000000 00000000 00000000 00000000 00000000 00000000 00000000
00000000 00000000 00000000 00000000 00000000 00000000 00000000 00000000 00000000 00000000 00000000 00000000 00000000 00000000 00000000 00000000
00000000 00000000 00000000 00000000 00000000 00000000 00000000 00000000 00000000 00000000 00000000 00000000 00000000 00000000 00000000 00000000
00000000 00000000 00000000 00000000 00000000 00000000 00000000 00000000 00000000 00000000 00000000 00000000 00000000 00000000 00000000 00000000
00000000 00000000 00000000 00000000 00000000 00000000 00000000 00000000 00000000 00000000 00000000 00000000 00000000 00000000 00000000 00000000
00000000 00000000 00000000 00000000 00000000 00000000 00000000 00000000 00000000 00000000 00000000 00000000 00000000 00000000 00000000 00000000
00000000 00000000 00000000 00000000 00000000 00000000 00000000 00000000 00000000 00000000 00000000 00000000 00000000 00000000 00000000 00000000
00000000 00000000 00000000 00000000 00000000 00000000 00000000 00000000 00000000 00000000 00000000 00000000 00000000 00000000 00000000 00000000
00000000 00000000 00000000 00000000 00000000 00000000 00000000 00000000 00000000 00000000 00000000 00000000 00000000 00000000 00000000 00000000
00000000 00000000 00000000 00000000 00000000 00000000 00000000 00000000 00000000 00000000 00000000 00000000 00000000 00000000 00000000 00000000
00000000 00000000 00000000 00000000 00000000 00000000 00000000 00000000 00000000 00000000 00000000 00000000 00000000 00000000 00000000 00000000
00000000 00000000 00000000 00000000 00000000 00000000 00000000 00000000 00000000 00000000 00000000 00000000 00000000 00000000 00000000 00000000
00000000 00000000 00000000 00000000 00000000 00000000 00000000 00000000 00000000 00000000 00000000 00000000 00000000 00000000 00000000 00000000
00000000 00000000 00000000 00000000 00000000 00000000 00000000 00000000 00000000 00000000 00000000 00000000 00000000 00000000 00000000 00000000
00000000 00000000 00000000 00000000 00000000 00000000 00000000 00000000 00000000 00000000 00000000 00000000 00000000 00000000 00000000 00000000
8A0A0000 0B100000 880C0000 09340000 00000000 00000000 00000000 00000000 00000000 00000000 00000000 00000000 00000000 00000000 00000000 00000000
8A0A0000 0B100000 880C0000 09340000 8C080000 0D100000 8C0C0000 0D340000 00000000 00000000 00000000 00000000 00000000 00000000 00000000 00000000
8A0A0000 0B100000 880C0000 09340000 940000A0 540000B0 15000050 00000000 00000000 00000000 00000000 00000000 00000000 00000000 00000000 00000000
8A0A0000 0B100000 880C0000 09340000 980000A0 580000B0 19000050 00000000 00000000 00000000 00000000 00000000 00000000 00000000 00000000 00000000
8A0A0000 0B100000 880C0000 09340000 940000A0 540000B0 15000050 942000A4 542000B4 15200054 00000000 00000000 00000000 00000000 00000000 00000000
8A0A0000 0B100000 880C0000 09340000 980000A0 580000B0 19000050 982000A4 582000B4 19200054 00000000 00000000 00000000 00000000 00000000 00000000
8A0A0000 0B100000 880C0000 09340000 A80000A0 29000050 00000000 00000000 00000000 00000000 00000000 00000000 00000000 00000000 00000000 00000000
8A0A0000 0B100000 880C0000 09340000 A00000A0 21000050 00000000 00000000 00000000 00000000 00000000 00000000 00000000 00000000 00000000 00000000
8A0A0000 0B100000 880C0000 09340000 A40000A0 25000050 00000000 00000000 00000000 00000000 00000000 00000000 00000000 00000000 00000000 00000000
8A0A0000 0B100000 880C0000 09340000 A80000A0 29000050 A82000A4 29200054 00000000 00000000 00000000 00000000 00000000 00000000 00000000 00000000
8A0A0000 0B100000 880C0000 09340000 A02000A4 21200054 A00000A0 21000050 00000000 00000000 00000000 00000000 00000000 00000000 00000000 00000000
8A0A0000 0B100000 880C0000 09340000 A42000A4 25200054 A00000A0 21000050 00000000 00000000 00000000 00000000 00000000 00000000 00000000 00000000
8A0A0000 0B100000 880C0000 09340000 A80000A0 29000050 A82000A4 29200054 A84000A8 29400058 A86000AC 2960005C 00000000 00000000 00000000 00000000
8A0A0000 0B100000 880C0000 09340000 A06000AC 2160005C A04000A8 21400058 A02000A4 21200054 A00000A0 21000050 00000000 00000000 00000000 00000000
8A0A0000 0B100000 880C0000 09340000 A46000AC 2560005C A04000A8 21400058 A02000A4 21200054 A00000A0 21000050 00000000 00000000 00000000 00000000
8A0A0000 0B100000 880C0000 09340000 00000000 00000000 00000000 00000000 00000000 00000000 00000000 00000000 00000000 00000000 00000000 00000000
8A0A0000 0B100000 880C0000 09340000 00000000 00000000 00000000 00000000 00000000 00000000 00000000 00000000 00000000 00000000 00000000 00000000
8A0A0000 0B100000 880C0000 09340000 00000000 00000000 00000000 00000000 00000000 00000000 00000000 00000000 00000000 00000000 00000000 00000000
8A0A0000 0B100000 880C0000 09340000 00000000 00000000 00000000 00000000 00000000 00000000 00000000 00000000 00000000 00000000 00000000 00000000
8A0A0000 0B100000 880C0000 09340000 00000000 00000000 00000000 00000000 00000000 00000000 00000000 00000000 00000000 00000000 00000000 00000000
8A0A0000 0B100000 880C0000 09340000 00000000 00000000 00000000 00000000 00000000 00000000 00000000 00000000 00000000 00000000 00000000 00000000
8A0A0000 0B100000 880C0000 09340000 00000000 00000000 00000000 00000000 00000000 00000000 00000000 00000000 00000000 00000000 00000000 00000000
8A0A0000 0B100000 880C0000 09340000 00000000 00000000 00000000 00000000 00000000 00000000 00000000 00000000 00000000 00000000 00000000 00000000
8A0A0000 0B100000 880C0000 09340000 00000000 00000000 00000000 00000000 00000000 00000000 00000000 00000000 00000000 00000000 00000000 00000000
8A0A0000 0B100000 880C0000 09340000 00000000 00000000 00000000 00000000 00000000 00000000 00000000 00000000 00000000 00000000 00000000 00000000
8A0A0000 0B100000 880C0000 09340000 00000000 00000000 00000000 00000000 00000000 00000000 00000000 00000000 00000000 00000000 00000000 00000000
8A0A0000 0B100000 880C0000 09340000 00000000 00000000 00000000 00000000 00000000 00000000 00000000 00000000 00000000 00000000 00000000 00000000
8A0A0000 0B100000 880C0000 09340000 00000000 00000000 00000000 00000000 00000000 00000000 00000000 00000000 00000000 00000000 00000000 00000000
8A0A0000 0B100000 880C0000 09340000 00000000 00000000 00000000 00000000 00000000 00000000 00000000 00000000 00000000 00000000 00000000 00000000
8A0A0000 0B100000 880C0000 09340000 00000000 00000000 00000000 00000000 00000000 00000000 00000000 00000000 00000000 00000000 00000000 00000000
8A0A0000 0B100000 880C0000 09340000 00000000 00000000 00000000 00000000 00000000 00000000 00000000 00000000 00000000 00000000 00000000 00000000
8A0A0000 0B100000 880C0000 09340000 00000000 00000000 00000000 00000000 00000000 00000000 00000000 00000000 00000000 00000000 00000000 00000000
8A0A0000 0B100000 880C0000 09340000 00000000 00000000 00000000 00000000 00000000 00000000 00000000 00000000 00000000 00000000 00000000 00000000
8A0A0000 0B100000 880C0000 09340000 00000000 00000000 00000000 00000000 00000000 00000000 00000000 00000000 00000000 00000000 00000000 00000000
8A0A0000 0B100000 880C0000 09340000 00000000 00000000 00000000 00000000 00000000 00000000 00000000 00000000 00000000 00000000 00000000 00000000
8A0A0000 0B100000 880C0000 09340000 00000000 00000000 00000000 00000000 00000000 00000000 00000000 00000000 00000000 00000000 00000000 00000000
8A0A0000 0B100000 880C0000 09340000 00000000 00000000 00000000 00000000 00000000 00000000 00000000 00000000 00000000 00000000 00000000 00000000
8A0A0000 0B100000 880C0000 09340000 00000000 00000000 00000000 00000000 00000000 00000000 00000000 00000000 00000000 00000000 00000000 00000000
8A0A0000 0B100000 880C0000 09340000 00000000 00000000 00000000 00000000 00000000 00000000 00000000 00000000 00000000 00000000 00000000 00000000
8A0A0000 0B100000 880C0000 09340000 00000000 00000000 00000000 00000000 00000000 00000000 00000000 00000000 00000000 00000000 00000000 00000000
8A0A0000 0B100000 880C0000 09340000 00000000 00000000 00000000 00000000 00000000 00000000 00000000 00000000 00000000 00000000 00000000 00000000
8A0A0000 0B100000 880C0000 09340000 00000000 00000000 00000000 00000000 00000000 00000000 00000000 00000000 00000000 00000000 00000000 00000000
8A0A0000 0B100000 880C0000 09340000 00000000 00000000 00000000 00000000 00000000 00000000 00000000 00000000 00000000 00000000 00000000 00000000
8A0A0000 0B100000 880C0000 09340000 00000000 00000000 00000000 00000000 00000000 00000000 00000000 00000000 00000000 00000000 00000000 00000000
8A0A0000 0B100000 880C0000 09340000 00000000 00000000 00000000 00000000 00000000 00000000 00000000 00000000 00000000 00000000 00000000 00000000
00000000 00000000 00000000 00000000 00000000 00000000 00000000 00000000 00000000 00000000 00000000 00000000 00000000 00000000 00000000 00000000
00000000 00000000 00000000 00000000 00000000 00000000 00000000 00000000 00000000 00000000 00000000 00000000 00000000 00000000 00000000 00000000
00000000 00000000 00000000 00000000 00000000 00000000 00000000 00000000 00000000 00000000 00000000 00000000 00000000 00000000 00000000 00000000
00000000 00000000 00000000 00000000 00000000 00000000 00000000 00000000 00000000 00000000 00000000 00000000 00000000 00000000 00000000 00000000
00000000 00000000 00000000 00000000 00000000 00000000 00000000 00000000 00000000 00000000 00000000 00000000 00000000 00000000 00000000 00000000
00000000 00000000 00000000 00000000 00000000 00000000 00000000 00000000 00000000 00000000 00000000 00000000 00000000 00000000 00000000 00000000
00000000 00000000 00000000 00000000 00000000 00000000 00000000 00000000 00000000 00000000 00000000 00000000 00000000 00000000 00000000 00000000
00000000 00000000 00000000 00000000 00000000 00000000 00000000 00000000 00000000 00000000 00000000 00000000 00000000 00000000 00000000 00000000
00000000 00000000 00000000 00000000 00000000 00000000 00000000 00000000 00000000 00000000 00000000 00000000 00000000 00000000 00000000 00000000
00000000 00000000 00000000 00000000 00000000 00000000 00000000 00000000 00000000 00000000 00000000 00000000 00000000 00000000 00000000 00000000
00000000 00000000 00000000 00000000 00000000 00000000 00000000 00000000 00000000 00000000 00000000 00000000 00000000 00000000 00000000 00000000
00000000 00000000 00000000 00000000 00000000 00000000 00000000 00000000 00000000 00000000 00000000 00000000 00000000 00000000 00000000 00000000
00000000 00000000 00000000 00000000 00000000 00000000 00000000 00000000 00000000 00000000 00000000 00000000 00000000 00000000 00000000 00000000
00000000 00000000 00000000 00000000 00000000 00000000 00000000 00000000 00000000 00000000 00000000 00000000 00000000 00000000 00000000 00000000
00000000 00000000 00000000 00000000 00000000 00000000 00000000 00000000 00000000 00000000 00000000 00000000 00000000 00000000 00000000 00000000
00000000 00000000 00000000 00000000 00000000 00000000 00000000 00000000 00000000 00000000 00000000 00000000 00000000 00000000 00000000 00000000
00000000 00000000 00000000 00000000 00000000 00000000 00000000 00000000 00000000 00000000 00000000 00000000 00000000 00000000 00000000 00000000
00000000 00000000 00000000 00000000 00000000 00000000 00000000 00000000 00000000 00000000 00000000 00000000 00000000 00000000 00000000 00000000
00000000 00000000 00000000 00000000 00000000 00000000 00000000 00000000 00000000 00000000 00000000 00000000 00000000 00000000 00000000 00000000
8A0A0000 0B100000 8A0C0000 0B340000 00000000 00000000 00000000 00000000 00000000 00000000 00000000 00000000 00000000 00000000 00000000 00000000
8A0A0000 0B100000 8A0C0000 0B340000 8C080000 0D100000 8E0C0000 0F340000 00000000 00000000 00000000 00000000 00000000 00000000 00000000 00000000
8A0A0000 0B100000 8A0C0000 0B340000 940000A0 540000B0 15000050 00000000 00000000 00000000 00000000 00000000 00000000 00000000 00000000 00000000
8A0A0000 0B100000 8A0C0000 0B340000 980000A0 580000B0 19000050 00000000 00000000 00000000 00000000 00000000 00000000 00000000 00000000 00000000
8A0A0000 0B100000 8A0C0000 0B340000 940000A0 540000B0 15000050 942000A4 542000B4 15200054 00000000 00000000 00000000 00000000 00000000 00000000
8A0A0000 0B100000 8A0C0000 0B340000 980000A0 580000B0 19000050 982000A4 582000B4 19200054 00000000 00000000 00000000 00000000 00000000 00000000
8A0A0000 0B100000 8A0C0000 0B340000 A80000A0 29000050 00000000 00000000 00000000 00000000 00000000 00000000 00000000 00000000 00000000 00000000
8A0A0000 0B100000 8A0C0000 0B340000 A00000A0 21000050 00000000 00000000 00000000 00000000 00000000 00000000 00000000 00000000 00000000 00000000
8A0A0000 0B100000 8A0C0000 0B340000 A40000A0 25000050 00000000 00000000 00000000 00000000 00000000 00000000 00000000 00000000 00000000 00000000
8A0A0000 0B100000 8A0C0000 0B340000 A80000A0 29000050 AA2000A4 2B200054 00000000 00000000 00000000 00000000 00000000 00000000 00000000 00000000
8A0A0000 0B100000 8A0C0000 0B340000 A02000A4 21200054 A20000A0 23000050 00000000 00000000 00000000 00000000 00000000 00000000 00000000 00000000
8A0A0000 0B100000 8A0C0000 0B340000 A42000A4 25200054 A20000A0 23000050 00000000 00000000 00000000 00000000 00000000 00000000 00000000 00000000
8A0A0000 0B100000 8A0C0000 0B340000 A80000A0 29000050 AA2000A4 2B200054 AA4000A8 2B400058 AA6000AC 2B60005C 00000000 00000000 00000000 00000000
8A0A0000 0B100000 8A0C0000 0B340000 A06000AC 2160005C A24000A8 23400058 A22000A4 23200054 A20000A0 23000050 00000000 00000000 00000000 00000000
8A0A0000 0B100000 8A0C0000 0B340000 A46000AC 2560005C A24000A8 23400058 A22000A4 23200054 A20000A0 23000050 00000000 00000000 00000000 00000000
8A0A0000 0B100000 8A0C0000 0B340000 00000000 00000000 00000000 00000000 00000000 00000000 00000000 00000000 00000000 00000000 00000000 00000000
8A0A0000 0B100000 8A0C0000 0B340000 00000000 00000000 00000000 00000000 00000000 00000000 00000000 00000000 00000000 00000000 00000000 00000000
8A0A0000 0B100000 8A0C0000 0B340000 00000000 00000000 00000000 00000000 00000000 00000000 00000000 00000000 00000000 00000000 00000000 00000000
8A0A0000 0B100000 8A0C0000 0B340000 00000000 00000000 00000000 00000000 00000000 00000000 00000000 00000000 00000000 00000000 00000000 00000000
8A0A0000 0B100000 8A0C0000 0B340000 00000000 00000000 00000000 00000000 00000000 00000000 00000000 00000000 00000000 00000000 00000000 00000000
8A0A0000 0B100000 8A0C0000 0B340000 00000000 00000000 00000000 00000000 00000000 00000000 00000000 00000000 00000000 00000000 00000000 00000000
8A0A0000 0B100000 8A0C0000 0B340000 00000000 00000000 00000000 00000000 00000000 00000000 00000000 00000000 00000000 00000000 00000000 00000000
8A0A0000 0B100000 8A0C0000 0B340000 00000000 00000000 00000000 00000000 00000000 00000000 00000000 00000000 00000000 00000000 00000000 00000000
8A0A0000 0B100000 8A0C0000 0B340000 00000000 00000000 00000000 00000000 00000000 00000000 00000000 00000000 00000000 00000000 00000000 00000000
8A0A0000 0B100000 8A0C0000 0B340000 00000000 00000000 00000000 00000000 00000000 00000000 00000000 00000000 00000000 00000000 00000000 00000000
8A0A0000 0B100000 8A0C0000 0B340000 00000000 00000000 00000000 00000000 00000000 00000000 00000000 00000000 00000000 00000000 00000000 00000000
8A0A0000 0B100000 8A0C0000 0B340000 00000000 00000000 00000000 00000000 00000000 00000000 00000000 00000000 00000000 00000000 00000000 00000000
8A0A0000 0B100000 8A0C0000 0B340000 00000000 00000000 00000000 00000000 00000000 00000000 00000000 00000000 00000000 00000000 00000000 00000000
8A0A0000 0B100000 8A0C0000 0B340000 00000000 00000000 00000000 00000000 00000000 00000000 00000000 00000000 00000000 00000000 00000000 00000000
8A0A0000 0B100000 8A0C0000 0B340000 00000000 00000000 00000000 00000000 00000000 00000000 00000000 00000000 00000000 00000000 00000000 00000000
8A0A0000 0B100000 8A0C0000 0B340000 00000000 00000000 00000000 00000000 00000000 00000000 00000000 00000000 00000000 00000000 00000000 00000000
8A0A0000 0B100000 8A0C0000 0B340000 00000000 00000000 00000000 00000000 00000000 00000000 00000000 00000000 00000000 00000000 00000000 00000000
8A0A0000 0B100000 8A0C0000 0B340000 00000000 00000000 00000000 00000000 00000000 00000000 00000000 00000000 00000000 00000000 00000000 00000000
8A0A0000 0B100000 8A0C0000 0B340000 00000000 00000000 00000000 00000000 00000000 00000000 00000000 00000000 00000000 00000000 00000000 00000000
8A0A0000 0B100000 8A0C0000 0B340000 00000000 00000000 00000000 00000000 00000000 00000000 00000000 00000000 00000000 00000000 00000000 00000000
8A0A0000 0B100000 8A0C0000 0B340000 00000000 00000000 00000000 00000000 00000000 00000000 00000000 00000000 00000000 00000000 00000000 00000000
8A0A0000 0B100000 8A0C0000 0B340000 00000000 00000000 00000000 00000000 00000000 00000000 00000000 00000000 00000000 00000000 00000000 00000000
8A0A0000 0B100000 8A0C0000 0B340000 00000000 00000000 00000000 00000000 00000000 00000000 00000000 00000000 00000000 00000000 00000000 00000000
8A0A0000 0B100000 8A0C0000 0B340000 00000000 00000000 00000000 00000000 00000000 00000000 00000000 00000000 00000000 00000000 00000000 00000000
8A0A0000 0B100000 8A0C0000 0B340000 00000000 00000000 00000000 00000000 00000000 00000000 00000000 00000000 00000000 00000000 00000000 00000000
8A0A0000 0B100000 8A0C0000 0B340000 00000000 00000000 00000000 00000000 00000000 00000000 00000000 00000000 00000000 00000000 00000000 00000000
8A0A0000 0B100000 8A0C0000 0B340000 00000000 00000000 00000000 00000000 00000000 00000000 00000000 00000000 00000000 00000000 00000000 00000000
8A0A0000 0B100000 8A0C0000 0B340000 00000000 00000000 00000000 00000000 00000000 00000000 00000000 00000000 00000000 00000000 00000000 00000000
8A0A0000 0B100000 8A0C0000 0B340000 00000000 00000000 00000000 00000000 00000000 00000000 00000000 00000000 00000000 00000000 00000000 00000000
8A0A0000 0B100000 8A0C0000 0B340000 00000000 00000000 00000000 00000000 00000000 00000000 00000000 00000000 00000000 00000000 00000000 00000000
00000000 00000000 00000000 00000000 00000000 00000000 00000000 00000000 00000000 00000000 00000000 00000000 00000000 00000000 00000000 00000000
00000000 00000000 00000000 00000000 00000000 00000000 00000000 00000000 00000000 00000000 00000000 00000000 00000000 00000000 00000000 00000000
00000000 00000000 00000000 00000000 00000000 00000000 00000000 00000000 00000000 00000000 00000000 00000000 00000000 00000000 00000000 00000000
00000000 00000000 00000000 00000000 00000000 00000000 00000000 00000000 00000000 00000000 00000000 00000000 00000000 00000000 00000000 00000000
00000000 00000000 00000000 00000000 00000000 00000000 00000000 00000000 00000000 00000000 00000000 00000000 00000000 00000000 00000000 00000000
00000000 00000000 00000000 00000000 00000000 00000000 00000000 00000000 00000000 00000000 00000000 00000000 00000000 00000000 00000000 00000000
00000000 00000000 00000000 00000000 00000000 00000000 00000000 00000000 00000000 00000000 00000000 00000000 00000000 00000000 00000000 00000000
00000000 00000000 00000000 00000000 00000000 00000000 00000000 00000000 00000000 00000000 00000000 00000000 00000000 00000000 00000000 00000000
00000000 00000000 00000000 00000000 00000000 00000000 00000000 00000000 00000000 00000000 00000000 00000000 00000000 00000000 00000000 00000000
00000000 00000000 00000000 00000000 00000000 00000000 00000000 00000000 00000000 00000000 00000000 00000000 00000000 00000000 00000000 00000000
00000000 00000000 00000000 00000000 00000000 00000000 00000000 00000000 00000000 00000000 00000000 00000000 00000000 00000000 00000000 00000000
00000000 00000000 00000000 00000000 00000000 00000000 00000000 00000000 00000000 00000000 00000000 00000000 00000000 00000000 00000000 00000000
00000000 00000000 00000000 00000000 00000000 00000000 00000000 00000000 00000000 00000000 00000000 00000000 00000000 00000000 00000000 00000000
00000000 00000000 00000000 00000000 00000000 00000000 00000000 00000000 00000000 00000000 00000000 00000000 00000000 00000000 00000000 00000000
00000000 00000000 00000000 00000000 00000000 00000000 00000000 00000000 00000000 00000000 00000000 00000000 00000000 00000000 00000000 00000000
00000000 00000000 00000000 00000000 00000000 00000000 00000000 00000000 00000000 00000000 00000000 00000000 00000000 00000000 00000000 00000000
00000000 00000000 00000000 00000000 00000000 00000000 00000000 00000000 00000000 00000000 00000000 00000000 00000000 00000000 00000000 00000000
00000000 00000000 00000000 00000000 00000000 00000000 00000000 00000000 00000000 00000000 00000000 00000000 00000000 00000000 00000000 00000000
00000000 00000000 00000000 00000000 00000000 00000000 00000000 00000000 00000000 00000000 00000000 00000000 00000000 00000000 00000000 00000000
8A0A0000 0B100000 880C0000 09340000 00000000 00000000 00000000 00000000 00000000 00000000 00000000 00000000 00000000 00000000 00000000 00000000
8A0A0000 0B100000 880C0000 09340000 8C080000 0D100000 8C0C0000 0D340000 00000000 00000000 00000000 00000000 00000000 00000000 00000000 00000000
8A0A0000 0B100000 880C0000 09340000 940000A0 540000B0 15000050 00000000 00000000 00000000 00000000 00000000 00000000 00000000 00000000 00000000
8A0A0000 0B100000 880C0000 09340000 980000A0 580000B0 19000050 00000000 00000000 00000000 00000000 00000000 00000000 00000000 00000000 00000000
8A0A0000 0B100000 880C0000 09340000 940000A0 540000B0 15000050 942000A4 542000B4 15200054 00000000 00000000 00000000 00000000 00000000 00000000
8A0A0000 0B100000 880C0000 09340000 980000A0 580000B0 19000050 982000A4 582000B4 19200054 00000000 00000000 00000000 00000000 00000000 00000000
8A0A0000 0B100000 880C0000 09340000 A80000A0 29000050 00000000 00000000 00000000 00000000 00000000 00000000 00000000 00000000 00000000 00000000
8A0A0000 0B100000 880C0000 09340000 A00000A0 21000050 00000000 00000000 00000000 00000000 00000000 00000000 00000000 00000000 00000000 00000000
8A0A0000 0B100000 880C0000 09340000 A40000A0 25000050 00000000 00000000 00000000 00000000 00000000 00000000 00000000 00000000 00000000 00000000
8A0A0000 0B100000 880C0000 09340000 A80000A0 29000050 A82000A4 29200054 00000000 00000000 00000000 00000000 00000000 00000000 00000000 00000000
8A0A0000 0B100000 880C0000 09340000 A02000A4 21200054 A00000A0 21000050 00000000 00000000 00000000 00000000 00000000 00000000 00000000 00000000
8A0A0000 0B100000 880C0000 09340000 A42000A4 25200054 A00000A0 21000050 00000000 00000000 00000000 00000000 00000000 00000000 00000000 00000000
8A0A0000 0B100000 880C0000 09340000 A80000A0 29000050 A82000A4 29200054 A84000A8 29400058 A86000AC 2960005C 00000000 00000000 00000000 00000000
8A0A0000 0B100000 880C0000 09340000 A06000AC 2160005C A04000A8 21400058 A02000A4 21200054 A00000A0 21000050 00000000 00000000 00000000 00000000
8A0A0000 0B100000 880C0000 09340000 A46000AC 2560005C A04000A8 21400058 A02000A4 21200054 A00000A0 21000050 00000000 00000000 00000000 00000000
8A0A0000 0B100000 880C0000 09340000 00000000 00000000 00000000 00000000 00000000 00000000 00000000 00000000 00000000 00000000 00000000 00000000
8A0A0000 0B100000 880C0000 09340000 00000000 00000000 00000000 00000000 00000000 00000000 00000000 00000000 00000000 00000000 00000000 00000000
8A0A0000 0B100000 880C0000 09340000 00000000 00000000 00000000 00000000 00000000 00000000 00000000 00000000 00000000 00000000 00000000 00000000
8A0A0000 0B100000 880C0000 09340000 00000000 00000000 00000000 00000000 00000000 00000000 00000000 00000000 00000000 00000000 00000000 00000000
8A0A0000 0B100000 880C0000 09340000 00000000 00000000 00000000 00000000 00000000 00000000 00000000 00000000 00000000 00000000 00000000 00000000
8A0A0000 0B100000 880C0000 09340000 00000000 00000000 00000000 00000000 00000000 00000000 00000000 00000000 00000000 00000000 00000000 00000000
8A0A0000 0B100000 880C0000 09340000 00000000 00000000 00000000 00000000 00000000 00000000 00000000 00000000 00000000 00000000 00000000 00000000
8A0A0000 0B100000 880C0000 09340000 00000000 00000000 00000000 00000000 00000000 00000000 00000000 00000000 00000000 00000000 00000000 00000000
8A0A0000 0B100000 880C0000 09340000 00000000 00000000 00000000 00000000 00000000 00000000 00000000 00000000 00000000 00000000 00000000 00000000
8A0A0000 0B100000 880C0000 09340000 00000000 00000000 00000000 00000000 00000000 00000000 00000000 00000000 00000000 00000000 00000000 00000000
8A0A0000 0B100000 880C0000 09340000 00000000 00000000 00000000 00000000 00000000 00000000 00000000 00000000 00000000 00000000 00000000 00000000
8A0A0000 0B100000 880C0000 09340000 00000000 00000000 00000000 00000000 00000000 00000000 00000000 00000000 00000000 00000000 00000000 00000000
8A0A0000 0B100000 880C0000 09340000 00000000 00000000 00000000 00000000 00000000 00000000 00000000 00000000 00000000 00000000 00000000 00000000
8A0A0000 0B100000 880C0000 09340000 00000000 00000000 00000000 00000000 00000000 00000000 00000000 00000000 00000000 00000000 00000000 00000000
8A0A0000 0B100000 880C0000 09340000 00000000 00000000 00000000 00000000 00000000 00000000 00000000 00000000 00000000 00000000 00000000 00000000
8A0A0000 0B100000 880C0000 09340000 00000000 00000000 00000000 00000000 00000000 00000000 00000000 00000000 00000000 00000000 00000000 00000000
8A0A0000 0B100000 880C0000 09340000 00000000 00000000 00000000 00000000 00000000 00000000 00000000 00000000 00000000 00000000 00000000 00000000
8A0A0000 0B100000 880C0000 09340000 00000000 00000000 00000000 00000000 00000000 00000000 00000000 00000000 00000000 00000000 00000000 00000000
8A0A0000 0B100000 880C0000 09340000 00000000 00000000 00000000 00000000 00000000 00000000 00000000 00000000 00000000 00000000 00000000 00000000
8A0A0000 0B100000 880C0000 09340000 00000000 00000000 00000000 00000000 00000000 00000000 00000000 00000000 00000000 00000000 00000000 00000000
8A0A0000 0B100000 880C0000 09340000 00000000 00000000 00000000 00000000 00000000 00000000 00000000 00000000 00000000 00000000 00000000 00000000
8A0A0000 0B100000 880C0000 09340000 00000000 00000000 00000000 00000000 00000000 00000000 00000000 00000000 00000000 00000000 00000000 00000000
8A0A0000 0B100000 880C0000 09340000 00000000 00000000 00000000 00000000 00000000 00000000 00000000 00000000 00000000 00000000 00000000 00000000
8A0A0000 0B100000 880C0000 09340000 00000000 00000000 00000000 00000000 00000000 00000000 00000000 00000000 00000000 00000000 00000000 00000000
8A0A0000 0B100000 880C0000 09340000 00000000 00000000 00000000 00000000 00000000 00000000 00000000 00000000 00000000 00000000 00000000 00000000
8A0A0000 0B100000 880C0000 09340000 00000000 00000000 00000000 00000000 00000000 00000000 00000000 00000000 00000000 00000000 00000000 00000000
8A0A0000 0B100000 880C0000 09340000 00000000 00000000 00000000 00000000 00000000 00000000 00000000 00000000 00000000 00000000 00000000 00000000
8A0A0000 0B100000 880C0000 09340000 00000000 00000000 00000000 00000000 00000000 00000000 00000000 00000000 00000000 00000000 00000000 00000000
8A0A0000 0B100000 880C0000 09340000 00000000 00000000 00000000 00000000 00000000 00000000 00000000 00000000 00000000 00000000 00000000 00000000
8A0A0000 0B100000 880C0000 09340000 00000000 00000000 00000000 00000000 00000000 00000000 00000000 00000000 00000000 00000000 00000000 00000000
00000000 00000000 00000000 00000000 00000000 00000000 00000000 00000000 00000000 00000000 00000000 00000000 00000000 00000000 00000000 00000000
00000000 00000000 00000000 00000000 00000000 00000000 00000000 00000000 00000000 00000000 00000000 00000000 00000000 00000000 00000000 00000000
00000000 00000000 00000000 00000000 00000000 00000000 00000000 00000000 00000000 00000000 00000000 00000000 00000000 00000000 00000000 00000000
00000000 00000000 00000000 00000000 00000000 00000000 00000000 00000000 00000000 00000000 00000000 00000000 00000000 00000000 00000000 00000000
00000000 00000000 00000000 00000000 00000000 00000000 00000000 00000000 00000000 00000000 00000000 00000000 00000000 00000000 00000000 00000000
00000000 00000000 00000000 00000000 00000000 00000000 00000000 00000000 00000000 00000000 00000000 00000000 00000000 00000000 00000000 00000000
00000000 00000000 00000000 00000000 00000000 00000000 00000000 00000000 00000000 00000000 00000000 00000000 00000000 00000000 00000000 00000000
00000000 00000000 00000000 00000000 00000000 00000000 00000000 00000000 00000000 00000000 00000000 00000000 00000000 00000000 00000000 00000000
00000000 00000000 00000000 00000000 00000000 00000000 00000000 00000000 00000000 00000000 00000000 00000000 00000000 00000000 00000000 00000000
00000000 00000000 00000000 00000000 00000000 00000000 00000000 00000000 00000000 00000000 00000000 00000000 00000000 00000000 00000000 00000000
00000000 00000000 00000000 00000000 00000000 00000000 00000000 00000000 00000000 00000000 00000000 00000000 00000000 00000000 00000000 00000000
00000000 00000000 00000000 00000000 00000000 00000000 00000000 00000000 00000000 00000000 00000000 00000000 00000000 00000000 00000000 00000000
00000000 00000000 00000000 00000000 00000000 00000000 00000000 00000000 00000000 00000000 00000000 00000000 00000000 00000000 00000000 00000000
00000000 00000000 00000000 00000000 00000000 00000000 00000000 00000000 00000000 00000000 00000000 00000000 00000000 00000000 00000000 00000000
00000000 00000000 00000000 00000000 00000000 00000000 00000000 00000000 00000000 00000000 00000000 00000000 00000000 00000000 00000000 00000000
00000000 00000000 00000000 00000000 00000000 00000000 00000000 00000000 00000000 00000000 00000000 00000000 00000000 00000000 00000000 00000000
00000000 00000000 00000000 00000000 00000000 00000000 00000000 00000000 00000000 00000000 00000000 00000000 00000000 00000000 00000000 00000000
00000000 00000000 00000000 00000000 00000000 00000000 00000000 00000000 00000000 00000000 00000000 00000000 00000000 00000000 00000000 00000000
00000000 00000000 00000000 00000000 00000000 00000000 00000000 00000000 00000000 00000000 00000000 00000000 00000000 00000000 00000000 00000000
8A0A0000 0B100000 8A0C0000 0B340000 00000000 00000000 00000000 00000000 00000000 00000000 00000000 00000000 00000000 00000000 00000000 00000000
8A0A0000 0B100000 8A0C0000 0B340000 8C080000 0D100000 8E0C0000 0F340000 00000000 00000000 00000000 00000000 00000000 00000000 00000000 00000000
8A0A0000 0B100000 8A0C0000 0B340000 940000A0 540000B0 15000050 00000000 00000000 00000000 00000000 00000000 00000000 00000000 00000000 00000000
8A0A0000 0B100000 8A0C0000 0B340000 980000A0 580000B0 19000050 00000000 00000000 00000000 00000000 00000000 00000000 00000000 00000000 00000000
8A0A0000 0B100000 8A0C0000 0B340000 940000A0 540000B0 15000050 942000A4 542000B4 15200054 00000000 00000000 00000000 00000000 00000000 00000000
8A0A0000 0B100000 8A0C0000 0B340000 980000A0 580000B0 19000050 982000A4 582000B4 19200054 00000000 00000000 00000000 00000000 00000000 00000000
8A0A0000 0B100000 8A0C0000 0B340000 A80000A0 29000050 00000000 00000000 00000000 00000000 00000000 00000000 00000000 00000000 00000000 00000000
8A0A0000 0B100000 8A0C0000 0B340000 A00000A0 21000050 00000000 00000000 00000000 00000000 00000000 00000000 00000000 00000000 00000000 00000000
8A0A0000 0B100000 8A0C0000 0B340000 A40000A0 25000050 00000000 00000000 00000000 00000000 00000000 00000000 00000000 00000000 00000000 00000000
8A0A0000 0B100000 8A0C0000 0B340000 A80000A0 29000050 AA2000A4 2B200054 00000000 00000000 00000000 00000000 00000000 00000000 00000000 00000000
8A0A0000 0B100000 8A0C0000 0B340000 A02000A4 21200054 A20000A0 23000050 00000000 00000000 00000000 00000000 00000000 00000000 00000000 00000000
8A0A0000 0B100000 8A0C0000 0B340000 A42000A4 25200054 A20000A0 23000050 00000000 00000000 00000000 00000000 00000000 00000000 00000000 00000000
8A0A0000 0B100000 8A0C0000 0B340000 A80000A0 29000050 AA2000A4 2B200054 AA4000A8 2B400058 AA6000AC 2B60005C 00000000 00000000 00000000 00000000
8A0A0000 0B100000 8A0C0000 0B340000 A06000AC 2160005C A24000A8 23400058 A22000A4 23200054 A20000A0 23000050 00000000 00000000 00000000 00000000
8A0A0000 0B100000 8A0C0000 0B340000 A46000AC 2560005C A24000A8 23400058 A22000A4 23200054 A20000A0 23000050 00000000 00000000 00000000 00000000
8A0A0000 0B100000 8A0C0000 0B340000 00000000 00000000 00000000 00000000 00000000 00000000 00000000 00000000 00000000 00000000 00000000 00000000
8A0A0000 0B100000 8A0C0000 0B340000 00000000 00000000 00000000 00000000 00000000 00000000 00000000 00000000 00000000 00000000 00000000 00000000
8A0A0000 0B100000 8A0C0000 0B340000 00000000 00000000 00000000 00000000 00000000 00000000 00000000 00000000 00000000 00000000 00000000 00000000
8A0A0000 0B100000 8A0C0000 0B340000 00000000 00000000 00000000 00000000 00000000 00000000 00000000 00000000 00000000 00000000 00000000 00000000
8A0A0000 0B100000 8A0C0000 0B340000 00000000 00000000 00000000 00000000 00000000 00000000 00000000 00000000 00000000 00000000 00000000 00000000
8A0A0000 0B100000 8A0C0000 0B340000 00000000 00000000 00000000 00000000 00000000 00000000 00000000 00000000 00000000 00000000 00000000 00000000
8A0A0000 0B100000 8A0C0000 0B340000 00000000 00000000 00000000 00000000 00000000 00000000 00000000 00000000 00000000 00000000 00000000 00000000
8A0A0000 0B100000 8A0C0000 0B340000 00000000 00000000 00000000 00000000 00000000 00000000 00000000 00000000 00000000 00000000 00000000 00000000
8A0A0000 0B100000 8A0C0000 0B340000 00000000 00000000 00000000 00000000 00000000 00000000 00000000 00000000 00000000 00000000 00000000 00000000
8A0A0000 0B100000 8A0C0000 0B340000 00000000 00000000 00000000 00000000 00000000 00000000 00000000 00000000 00000000 00000000 00000000 00000000
8A0A0000 0B100000 8A0C0000 0B340000 00000000 00000000 00000000 00000000 00000000 00000000 00000000 00000000 00000000 00000000 00000000 00000000
8A0A0000 0B100000 8A0C0000 0B340000 00000000 00000000 00000000 00000000 00000000 00000000 00000000 00000000 00000000 00000000 00000000 00000000
8A0A0000 0B100000 8A0C0000 0B340000 00000000 00000000 00000000 00000000 00000000 00000000 00000000 00000000 00000000 00000000 00000000 00000000
8A0A0000 0B100000 8A0C0000 0B340000 00000000 00000000 00000000 00000000 00000000 00000000 00000000 00000000 00000000 00000000 00000000 00000000
8A0A0000 0B100000 8A0C0000 0B340000 00000000 00000000 00000000 00000000 00000000 00000000 00000000 00000000 00000000 00000000 00000000 00000000
8A0A0000 0B100000 8A0C0000 0B340000 00000000 00000000 00000000 00000000 00000000 00000000 00000000 00000000 00000000 00000000 00000000 00000000
8A0A0000 0B100000 8A0C0000 0B340000 00000000 00000000 00000000 00000000 00000000 00000000 00000000 00000000 00000000 00000000 00000000 00000000
8A0A0000 0B100000 8A0C0000 0B340000 00000000 00000000 00000000 00000000 00000000 00000000 00000000 00000000 00000000 00000000 00000000 00000000
8A0A0000 0B100000 8A0C0000 0B340000 00000000 00000000 00000000 00000000 00000000 00000000 00000000 00000000 00000000 00000000 00000000 00000000
8A0A0000 0B100000 8A0C0000 0B340000 00000000 00000000 00000000 00000000 00000000 00000000 00000000 00000000 00000000 00000000 00000000 00000000
8A0A0000 0B100000 8A0C0000 0B340000 00000000 00000000 00000000 00000000 00000000 00000000 00000000 00000000 00000000 00000000 00000000 00000000
8A0A0000 0B100000 8A0C0000 0B340000 00000000 00000000 00000000 00000000 00000000 00000000 00000000 00000000 00000000 00000000 00000000 00000000
8A0A0000 0B100000 8A0C0000 0B340000 00000000 00000000 00000000 00000000 00000000 00000000 00000000 00000000 00000000 00000000 00000000 00000000
8A0A0000 0B100000 8A0C0000 0B340000 00000000 00000000 00000000 00000000 00000000 00000000 00000000 00000000 00000000 00000000 00000000 00000000
8A0A0000 0B100000 8A0C0000 0B340000 00000000 00000000 00000000 00000000 00000000 00000000 00000000 00000000 00000000 00000000 00000000 00000000
8A0A0000 0B100000 8A0C0000 0B340000 00000000 00000000 00000000 00000000 00000000 00000000 00000000 00000000 00000000 00000000 00000000 00000000
8A0A0000 0B100000 8A0C0000 0B340000 00000000 00000000 00000000 00000000 00000000 00000000 00000000 00000000 00000000 00000000 00000000 00000000
8A0A0000 0B100000 8A0C0000 0B340000 00000000 00000000 00000000 00000000 00000000 00000000 00000000 00000000 00000000 00000000 00000000 00000000
8A0A0000 0B100000 8A0C0000 0B340000 00000000 00000000 00000000 00000000 00000000 00000000 00000000 00000000 00000000 00000000 00000000 00000000
8A0A0000 0B100000 8A0C0000 0B340000 00000000 00000000 00000000 00000000 00000000 00000000 00000000 00000000 00000000 00000000 00000000 00000000
00000000 00000000 00000000 00000000 00000000 00000000 00000000 00000000 00000000 00000000 00000000 00000000 00000000 00000000 00000000 00000000
00000000 00000000 00000000 00000000 00000000 00000000 00000000 00000000 00000000 00000000 00000000 00000000 00000000 00000000 00000000 00000000
00000000 00000000 00000000 00000000 00000000 00000000 00000000 00000000 00000000 00000000 00000000 00000000 00000000 00000000 00000000 00000000
00000000 00000000 00000000 00000000 00000000 00000000 00000000 00000000 00000000 00000000 00000000 00000000 00000000 00000000 00000000 00000000
00000000 00000000 00000000 00000000 00000000 00000000 00000000 00000000 00000000 00000000 00000000 00000000 00000000 00000000 00000000 00000000
00000000 00000000 00000000 00000000 00000000 00000000 00000000 00000000 00000000 00000000 00000000 00000000 00000000 00000000 00000000 00000000
00000000 00000000 00000000 00000000 00000000 00000000 00000000 00000000 00000000 00000000 00000000 00000000 00000000 00000000 00000000 00000000
00000000 00000000 00000000 00000000 00000000 00000000 00000000 00000000 00000000 00000000 00000000 00000000 00000000 00000000 00000000 00000000
00000000 00000000 00000000 00000000 00000000 00000000 00000000 00000000 00000000 00000000 00000000 00000000 00000000 00000000 00000000 00000000
00000000 00000000 00000000 00000000 00000000 00000000 00000000 00000000 00000000 00000000 00000000 00000000 00000000 00000000 00000000 00000000
00000000 00000000 00000000 00000000 00000000 00000000 00000000 00000000 00000000 00000000 00000000 00000000 00000000 00000000 00000000 00000000
00000000 00000000 00000000 00000000 00000000 00000000 00000000 00000000 00000000 00000000 00000000 00000000 00000000 00000000 00000000 00000000
00000000 00000000 00000000 00000000 00000000 00000000 00000000 00000000 00000000 00000000 00000000 00000000 00000000 00000000 00000000 00000000
00000000 00000000 00000000 00000000 00000000 00000000 00000000 00000000 00000000 00000000 00000000 00000000 00000000 00000000 00000000 00000000
00000000 00000000 00000000 00000000 00000000 00000000 00000000 00000000 00000000 00000000 00000000 00000000 00000000 00000000 00000000 00000000
00000000 00000000 00000000 00000000 00000000 00000000 00000000 00000000 00000000 00000000 00000000 00000000 00000000 00000000 00000000 00000000
00000000 00000000 00000000 00000000 00000000 00000000 00000000 00000000 00000000 00000000 00000000 00000000 00000000 00000000 00000000 00000000
00000000 00000000 00000000 00000000 00000000 00000000 00000000 00000000 00000000 00000000 00000000 00000000 00000000 00000000 00000000 00000000
00000000 00000000 00000000 00000000 00000000 00000000 00000000 00000000 00000000 00000000 00000000 00000000 00000000 00000000 00000000 00000000
8A0A0000 0B100000 880C0000 09340000 00000000 00000000 00000000 00000000 00000000 00000000 00000000 00000000 00000000 00000000 00000000 00000000
8A0A0000 0B100000 880C0000 09340000 8C080000 0D100000 8C0C0000 0D340000 00000000 00000000 00000000 00000000 00000000 00000000 00000000 00000000
8A0A0000 0B100000 880C0000 09340000 940000A0 540000B0 15000050 00000000 00000000 00000000 00000000 00000000 00000000 00000000 00000000 00000000
8A0A0000 0B100000 880C0000 09340000 980000A0 580000B0 19000050 00000000 00000000 00000000 00000000 00000000 00000000 00000000 00000000 00000000
8A0A0000 0B100000 880C0000 09340000 940000A0 540000B0 15000050 942000A4 542000B4 15200054 00000000 00000000 00000000 00000000 00000000 00000000
8A0A0000 0B100000 880C0000 09340000 980000A0 580000B0 19000050 982000A4 582000B4 19200054 00000000 00000000 00000000 00000000 00000000 00000000
8A0A0000 0B100000 880C0000 09340000 A80000A0 29000050 00000000 00000000 00000000 00000000 00000000 00000000 00000000 00000000 00000000 00000000
8A0A0000 0B100000 880C0000 09340000 A00000A0 21000050 00000000 00000000 00000000 00000000 00000000 00000000 00000000 00000000 00000000 00000000
8A0A0000 0B100000 880C0000 09340000 A40000A0 25000050 00000000 00000000 00000000 00000000 00000000 00000000 00000000 00000000 00000000 00000000
8A0A0000 0B100000 880C0000 09340000 A80000A0 29000050 A82000A4 29200054 00000000 00000000 00000000 00000000 00000000 00000000 00000000 00000000
8A0A0000 0B100000 880C0000 09340000 A02000A4 21200054 A00000A0 21000050 00000000 00000000 00000000 00000000 00000000 00000000 00000000 00000000
8A0A0000 0B100000 880C0000 09340000 A42000A4 25200054 A00000A0 21000050 00000000 00000000 00000000 00000000 00000000 00000000 00000000 00000000
8A0A0000 0B100000 880C0000 09340000 A80000A0 29000050 A82000A4 29200054 A84000A8 29400058 A86000AC 2960005C 00000000 00000000 00000000 00000000
8A0A0000 0B100000 880C0000 09340000 A06000AC 2160005C A04000A8 21400058 A02000A4 21200054 A00000A0 21000050 00000000 00000000 00000000 00000000
8A0A0000 0B100000 880C0000 09340000 A46000AC 2560005C A04000A8 21400058 A02000A4 21200054 A00000A0 21000050 00000000 00000000 00000000 00000000
8A0A0000 0B100000 880C0000 09340000 00000000 00000000 00000000 00000000 00000000 00000000 00000000 00000000 00000000 00000000 00000000 00000000
8A0A0000 0B100000 880C0000 09340000 00000000 00000000 00000000 00000000 00000000 00000000 00000000 00000000 00000000 00000000 00000000 00000000
8A0A0000 0B100000 880C0000 09340000 00000000 00000000 00000000 00000000 00000000 00000000 00000000 00000000 00000000 00000000 00000000 00000000
8A0A0000 0B100000 880C0000 09340000 00000000 00000000 00000000 00000000 00000000 00000000 00000000 00000000 00000000 00000000 00000000 00000000
8A0A0000 0B100000 880C0000 09340000 00000000 00000000 00000000 00000000 00000000 00000000 00000000 00000000 00000000 00000000 00000000 00000000
8A0A0000 0B100000 880C0000 09340000 00000000 00000000 00000000 00000000 00000000 00000000 00000000 00000000 00000000 00000000 00000000 00000000
8A0A0000 0B100000 880C0000 09340000 00000000 00000000 00000000 00000000 00000000 00000000 00000000 00000000 00000000 00000000 00000000 00000000
8A0A0000 0B100000 880C0000 09340000 00000000 00000000 00000000 00000000 00000000 00000000 00000000 00000000 00000000 00000000 00000000 00000000
8A0A0000 0B100000 880C0000 09340000 00000000 00000000 00000000 00000000 00000000 00000000 00000000 00000000 00000000 00000000 00000000 00000000
8A0A0000 0B100000 880C0000 09340000 00000000 00000000 00000000 00000000 00000000 00000000 00000000 00000000 00000000 00000000 00000000 00000000
8A0A0000 0B100000 880C0000 09340000 00000000 00000000 00000000 00000000 00000000 00000000 00000000 00000000 00000000 00000000 00000000 00000000
8A0A0000 0B100000 880C0000 09340000 00000000 00000000 00000000 00000000 00000000 00000000 00000000 00000000 00000000 00000000 00000000 00000000
8A0A0000 0B100000 880C0000 09340000 00000000 00000000 00000000 00000000 00000000 00000000 00000000 00000000 00000000 00000000 00000000 00000000
8A0A0000 0B100000 880C0000 09340000 00000000 00000000 00000000 00000000 00000000 00000000 00000000 00000000 00000000 00000000 00000000 00000000
8A0A0000 0B100000 880C0000 09340000 00000000 00000000 00000000 00000000 00000000 00000000 00000000 00000000 00000000 00000000 00000000 00000000
8A0A0000 0B100000 880C0000 09340000 00000000 00000000 00000000 00000000 00000000 00000000 00000000 00000000 00000000 00000000 00000000 00000000
8A0A0000 0B100000 880C0000 09340000 00000000 00000000 00000000 00000000 00000000 00000000 00000000 00000000 00000000 00000000 00000000 00000000
8A0A0000 0B100000 880C0000 09340000 00000000 00000000 00000000 00000000 00000000 00000000 00000000 00000000 00000000 00000000 00000000 00000000
8A0A0000 0B100000 880C0000 09340000 00000000 00000000 00000000 00000000 00000000 00000000 00000000 00000000 00000000 00000000 00000000 00000000
8A0A0000 0B100000 880C0000 09340000 00000000 00000000 00000000 00000000 00000000 00000000 00000000 00000000 00000000 00000000 00000000 00000000
8A0A0000 0B100000 880C0000 09340000 00000000 00000000 00000000 00000000 00000000 00000000 00000000 00000000 00000000 00000000 00000000 00000000
8A0A0000 0B100000 880C0000 09340000 00000000 00000000 00000000 00000000 00000000 00000000 00000000 00000000 00000000 00000000 00000000 00000000
8A0A0000 0B100000 880C0000 09340000 00000000 00000000 00000000 00000000 00000000 00000000 00000000 00000000 00000000 00000000 00000000 00000000
8A0A0000 0B100000 880C0000 09340000 00000000 00000000 00000000 00000000 00000000 00000000 00000000 00000000 00000000 00000000 00000000 00000000
8A0A0000 0B100000 880C0000 09340000 00000000 00000000 00000000 00000000 00000000 00000000 00000000 00000000 00000000 00000000 00000000 00000000
8A0A0000 0B100000 880C0000 09340000 00000000 00000000 00000000 00000000 00000000 00000000 00000000 00000000 00000000 00000000 00000000 00000000
8A0A0000 0B100000 880C0000 09340000 00000000 00000000 00000000 00000000 00000000 00000000 00000000 00000000 00000000 00000000 00000000 00000000
8A0A0000 0B100000 880C0000 09340000 00000000 00000000 00000000 00000000 00000000 00000000 00000000 00000000 00000000 00000000 00000000 00000000
8A0A0000 0B100000 880C0000 09340000 00000000 00000000 00000000 00000000 00000000 00000000 00000000 00000000 00000000 00000000 00000000 00000000
8A0A0000 0B100000 880C0000 09340000 00000000 00000000 00000000 00000000 00000000 00000000 00000000 00000000 00000000 00000000 00000000 00000000
00000000 00000000 00000000 00000000 00000000 00000000 00000000 00000000 00000000 00000000 00000000 00000000 00000000 00000000 00000000 00000000
00000000 00000000 00000000 00000000 00000000 00000000 00000000 00000000 00000000 00000000 00000000 00000000 00000000 00000000 00000000 00000000
00000000 00000000 00000000 00000000 00000000 00000000 00000000 00000000 00000000 00000000 00000000 00000000 00000000 00000000 00000000 00000000
00000000 00000000 00000000 00000000 00000000 00000000 00000000 00000000 00000000 00000000 00000000 00000000 00000000 00000000 00000000 00000000
00000000 00000000 00000000 00000000 00000000 00000000 00000000 00000000 00000000 00000000 00000000 00000000 00000000 00000000 00000000 00000000
00000000 00000000 00000000 00000000 00000000 00000000 00000000 00000000 00000000 00000000 00000000 00000000 00000000 00000000 00000000 00000000
00000000 00000000 00000000 00000000 00000000 00000000 00000000 00000000 00000000 00000000 00000000 00000000 00000000 00000000 00000000 00000000
00000000 00000000 00000000 00000000 00000000 00000000 00000000 00000000 00000000 00000000 00000000 00000000 00000000 00000000 00000000 00000000
00000000 00000000 00000000 00000000 00000000 00000000 00000000 00000000 00000000 00000000 00000000 00000000 00000000 00000000 00000000 00000000
00000000 00000000 00000000 00000000 00000000 00000000 00000000 00000000 00000000 00000000 00000000 00000000 00000000 00000000 00000000 00000000
00000000 00000000 00000000 00000000 00000000 00000000 00000000 00000000 00000000 00000000 00000000 00000000 00000000 00000000 00000000 00000000
00000000 00000000 00000000 00000000 00000000 00000000 00000000 00000000 00000000 00000000 00000000 00000000 00000000 00000000 00000000 00000000
00000000 00000000 00000000 00000000 00000000 00000000 00000000 00000000 00000000 00000000 00000000 00000000 00000000 00000000 00000000 00000000
00000000 00000000 00000000 00000000 00000000 00000000 00000000 00000000 00000000 00000000 00000000 00000000 00000000 00000000 00000000 00000000
00000000 00000000 00000000 00000000 00000000 00000000 00000000 00000000 00000000 00000000 00000000 00000000 00000000 00000000 00000000 00000000
00000000 00000000 00000000 00000000 00000000 00000000 00000000 00000000 00000000 00000000 00000000 00000000 00000000 00000000 00000000 00000000
00000000 00000000 00000000 00000000 00000000 00000000 00000000 00000000 00000000 00000000 00000000 00000000 00000000 00000000 00000000 00000000
00000000 00000000 00000000 00000000 00000000 00000000 00000000 00000000 00000000 00000000 00000000 00000000 00000000 00000000 00000000 00000000
00000000 00000000 00000000 00000000 00000000 00000000 00000000 00000000 00000000 00000000 00000000 00000000 00000000 00000000 00000000 00000000
8A0A0000 0B100000 8A0C0000 0B340000 00000000 00000000 00000000 00000000 00000000 00000000 00000000 00000000 00000000 00000000 00000000 00000000
8A0A0000 0B100000 8A0C0000 0B340000 8C080000 0D100000 8E0C0000 0F340000 00000000 00000000 00000000 00000000 00000000 00000000 00000000 00000000
8A0A0000 0B100000 8A0C0000 0B340000 940000A0 540000B0 15000050 00000000 00000000 00000000 00000000 00000000 00000000 00000000 00000000 00000000
8A0A0000 0B100000 8A0C0000 0B340000 980000A0 580000B0 19000050 00000000 00000000 00000000 00000000 00000000 00000000 00000000 00000000 00000000
8A0A0000 0B100000 8A0C0000 0B340000 940000A0 540000B0 15000050 942000A4 542000B4 15200054 00000000 00000000 00000000 00000000 00000000 00000000
8A0A0000 0B100000 8A0C0000 0B340000 980000A0 580000B0 19000050 982000A4 582000B4 19200054 00000000 00000000 00000000 00000000 00000000 00000000
8A0A0000 0B100000 8A0C0000 0B340000 A80000A0 29000050 00000000 00000000 00000000 00000000 00000000 00000000 00000000 00000000 00000000 00000000
8A0A0000 0B100000 8A0C0000 0B340000 A00000A0 21000050 00000000 00000000 00000000 00000000 00000000 00000000 00000000 00000000 00000000 00000000
8A0A0000 0B100000 8A0C0000 0B340000 A40000A0 25000050 00000000 00000000 00000000 00000000 00000000 00000000 00000000 00000000 00000000 00000000
8A0A0000 0B100000 8A0C0000 0B340000 A80000A0 29000050 AA2000A4 2B200054 00000000 00000000 00000000 00000000 00000000 00000000 00000000 00000000
8A0A0000 0B100000 8A0C0000 0B340000 A02000A4 21200054 A20000A0 23000050 00000000 00000000 00000000 00000000 00000000 00000000 00000000 00000000
8A0A0000 0B100000 8A0C0000 0B340000 A42000A4 25200054 A20000A0 23000050 00000000 00000000 00000000 00000000 00000000 00000000 00000000 00000000
8A0A0000 0B100000 8A0C0000 0B340000 A80000A0 29000050 AA2000A4 2B200054 AA4000A8 2B400058 AA6000AC 2B60005C 00000000 00000000 00000000 00000000
8A0A0000 0B100000 8A0C0000 0B340000 A06000AC 2160005C A24000A8 23400058 A22000A4 23200054 A20000A0 23000050 00000000 00000000 00000000 00000000
8A0A0000 0B100000 8A0C0000 0B340000 A46000AC 2560005C A24000A8 23400058 A22000A4 23200054 A20000A0 23000050 00000000 00000000 00000000 00000000
8A0A0000 0B100000 8A0C0000 0B340000 00000000 00000000 00000000 00000000 00000000 00000000 00000000 00000000 00000000 00000000 00000000 00000000
8A0A0000 0B100000 8A0C0000 0B340000 00000000 00000000 00000000 00000000 00000000 00000000 00000000 00000000 00000000 00000000 00000000 00000000
8A0A0000 0B100000 8A0C0000 0B340000 00000000 00000000 00000000 00000000 00000000 00000000 00000000 00000000 00000000 00000000 00000000 00000000
8A0A0000 0B100000 8A0C0000 0B340000 00000000 00000000 00000000 00000000 00000000 00000000 00000000 00000000 00000000 00000000 00000000 00000000
8A0A0000 0B100000 8A0C0000 0B340000 00000000 00000000 00000000 00000000 00000000 00000000 00000000 00000000 00000000 00000000 00000000 00000000
8A0A0000 0B100000 8A0C0000 0B340000 00000000 00000000 00000000 00000000 00000000 00000000 00000000 00000000 00000000 00000000 00000000 00000000
8A0A0000 0B100000 8A0C0000 0B340000 00000000 00000000 00000000 00000000 00000000 00000000 00000000 00000000 00000000 00000000 00000000 00000000
8A0A0000 0B100000 8A0C0000 0B340000 00000000 00000000 00000000 00000000 00000000 00000000 00000000 00000000 00000000 00000000 00000000 00000000
8A0A0000 0B100000 8A0C0000 0B340000 00000000 00000000 00000000 00000000 00000000 00000000 00000000 00000000 00000000 00000000 00000000 00000000
8A0A0000 0B100000 8A0C0000 0B340000 00000000 00000000 00000000 00000000 00000000 00000000 00000000 00000000 00000000 00000000 00000000 00000000
8A0A0000 0B100000 8A0C0000 0B340000 00000000 00000000 00000000 00000000 00000000 00000000 00000000 00000000 00000000 00000000 00000000 00000000
8A0A0000 0B100000 8A0C0000 0B340000 00000000 00000000 00000000 00000000 00000000 00000000 00000000 00000000 00000000 00000000 00000000 00000000
8A0A0000 0B100000 8A0C0000 0B340000 00000000 00000000 00000000 00000000 00000000 00000000 00000000 00000000 00000000 00000000 00000000 00000000
8A0A0000 0B100000 8A0C0000 0B340000 00000000 00000000 00000000 00000000 00000000 00000000 00000000 00000000 00000000 00000000 00000000 00000000
8A0A0000 0B100000 8A0C0000 0B340000 00000000 00000000 00000000 00000000 00000000 00000000 00000000 00000000 00000000 00000000 00000000 00000000
8A0A0000 0B100000 8A0C0000 0B340000 00000000 00000000 00000000 00000000 00000000 00000000 00000000 00000000 00000000 00000000 00000000 00000000
8A0A0000 0B100000 8A0C0000 0B340000 00000000 00000000 00000000 00000000 00000000 00000000 00000000 00000000 00000000 00000000 00000000 00000000
8A0A0000 0B100000 8A0C0000 0B340000 00000000 00000000 00000000 00000000 00000000 00000000 00000000 00000000 00000000 00000000 00000000 00000000
8A0A0000 0B100000 8A0C0000 0B340000 00000000 00000000 00000000 00000000 00000000 00000000 00000000 00000000 00000000 00000000 00000000 00000000
8A0A0000 0B100000 8A0C0000 0B340000 00000000 00000000 00000000 00000000 00000000 00000000 00000000 00000000 00000000 00000000 00000000 00000000
8A0A0000 0B100000 8A0C0000 0B340000 00000000 00000000 00000000 00000000 00000000 00000000 00000000 00000000 00000000 00000000 00000000 00000000
8A0A0000 0B100000 8A0C0000 0B340000 00000000 00000000 00000000 00000000 00000000 00000000 00000000 00000000 00000000 00000000 00000000 00000000
8A0A0000 0B100000 8A0C0000 0B340000 00000000 00000000 00000000 00000000 00000000 00000000 00000000 00000000 00000000 00000000 00000000 00000000
8A0A0000 0B100000 8A0C0000 0B340000 00000000 00000000 00000000 00000000 00000000 00000000 00000000 00000000 00000000 00000000 00000000 00000000
8A0A0000 0B100000 8A0C0000 0B340000 00000000 00000000 00000000 00000000 00000000 00000000 00000000 00000000 00000000 00000000 00000000 00000000
8A0A0000 0B100000 8A0C0000 0B340000 00000000 00000000 00000000 00000000 00000000 00000000 00000000 00000000 00000000 00000000 00000000 00000000
8A0A0000 0B100000 8A0C0000 0B340000 00000000 00000000 00000000 00000000 00000000 00000000 00000000 00000000 00000000 00000000 00000000 00000000
8A0A0000 0B100000 8A0C0000 0B340000 00000000 00000000 00000000 00000000 00000000 00000000 00000000 00000000 00000000 00000000 00000000 00000000
8A0A0000 0B100000 8A0C0000 0B340000 00000000 00000000 00000000 00000000 00000000 00000000 00000000 00000000 00000000 00000000 00000000 00000000
8A0A0000 0B100000 8A0C0000 0B340000 00000000 00000000 00000000 00000000 00000000 00000000 00000000 00000000 00000000 00000000 00000000 00000000
00000000 00000000 00000000 00000000 00000000 00000000 00000000 00000000 00000000 00000000 00000000 00000000 00000000 00000000 00000000 00000000
00000000 00000000 00000000 00000000 00000000 00000000 00000000 00000000 00000000 00000000 00000000 00000000 00000000 00000000 00000000 00000000
00000000 00000000 00000000 00000000 00000000 00000000 00000000 00000000 00000000 00000000 00000000 00000000 00000000 00000000 00000000 00000000
00000000 00000000 00000000 00000000 00000000 00000000 00000000 00000000 00000000 00000000 00000000 00000000 00000000 00000000 00000000 00000000
00000000 00000000 00000000 00000000 00000000 00000000 00000000 00000000 00000000 00000000 00000000 00000000 00000000 00000000 00000000 00000000
00000000 00000000 00000000 00000000 00000000 00000000 00000000 00000000 00000000 00000000 00000000 00000000 00000000 00000000 00000000 00000000
00000000 00000000 00000000 00000000 00000000 00000000 00000000 00000000 00000000 00000000 00000000 00000000 00000000 00000000 00000000 00000000
00000000 00000000 00000000 00000000 00000000 00000000 00000000 00000000 00000000 00000000 00000000 00000000 00000000 00000000 00000000 00000000
00000000 00000000 00000000 00000000 00000000 00000000 00000000 00000000 00000000 00000000 00000000 00000000 00000000 00000000 00000000 00000000
00000000 00000000 00000000 00000000 00000000 00000000 00000000 00000000 00000000 00000000 00000000 00000000 00000000 00000000 00000000 00000000
00000000 00000000 00000000 00000000 00000000 00000000 00000000 00000000 00000000 00000000 00000000 00000000 00000000 00000000 00000000 00000000
00000000 00000000 00000000 00000000 00000000 00000000 00000000 00000000 00000000 00000000 00000000 00000000 00000000 00000000 00000000 00000000
00000000 00000000 00000000 00000000 00000000 00000000 00000000 00000000 00000000 00000000 00000000 00000000 00000000 00000000 00000000 00000000
00000000 00000000 00000000 00000000 00000000 00000000 00000000 00000000 00000000 00000000 00000000 00000000 00000000 00000000 00000000 00000000
00000000 00000000 00000000 00000000 00000000 00000000 00000000 00000000 00000000 00000000 00000000 00000000 00000000 00000000 00000000 00000000
00000000 00000000 00000000 00000000 00000000 00000000 00000000 00000000 00000000 00000000 00000000 00000000 00000000 00000000 00000000 00000000
00000000 00000000 00000000 00000000 00000000 00000000 00000000 00000000 00000000 00000000 00000000 00000000 00000000 00000000 00000000 00000000
00000000 00000000 00000000 00000000 00000000 00000000 00000000 00000000 00000000 00000000 00000000 00000000 00000000 00000000 00000000 00000000
00000000 00000000 00000000 00000000 00000000 00000000 00000000 00000000 00000000 00000000 00000000 00000000 00000000 00000000 00000000 00000000